2 19.375000
3 19.375000
4 20.375000
5 20.375000
6 21.375000
7 21.375000
8 21.375000
9 22.375000
10 22.375000
11 22.375000
12 21.375000
13 22.375000
14 22.375000
15 22.375000
16 22.375000
17 22.375000
18 22.375000
19 22.375000
20 22.375000
21 22.375000
22 22.375000
23 22.375000
24 22.375000
25 22.375000
26 22.375000
27 22.375000
28 22.375000
29 23.375000
30 23.375000
31 23.375000
32 23.375000
33 23.500000
34 23.625000
35 23.750000
36 23.875000
37 24.000000
38 25.125000
39 25.250000
40 25.375000
41 26.500000
42 26.750000
43 26.875000
44 27.000000
45 27.375000
46 27.500000
47 27.875000
48 28.125000
49 28.375000
50 28.750000
51 29.500000
52 29.750000
53 30.500000
54 30.875000
55 31.625000
56 32.000000
57 32.750000
58 33.125000
59 34.000000
60 34.750000
61 35.250000
62 36.125000
63 37.000000
64 37.375000
65 38.500000
66 39.375000
67 40.250000
68 41.125000
69 42.250000
70 42.750000
71 43.750000
72 44.875000
73 45.750000
74 46.875000
75 47.875000
76 49.125000
77 50.125000
78 51.250000
79 52.875000
80 53.750000
81 56.375000
82 55.750000
83 57.625000
84 59.250000
85 60.500000
86 61.875000
87 66.875000
88 61.375000
89 66.625000
90 62.625000
91 70.250000
92 72.250000
93 72.625000
94 75.500000
95 79.750000
96 78.750000
97 80.750000
98 82.750000
99 84.625000
100 86.750000
101 88.375000
102 90.500000
103 92.500000
104 94.500000
105 96.625000
106 98.875000
107 101.125000
108 103.250000
109 105.875000
110 108.000000
111 110.375000
112 112.625000
113 115.500000
114 117.750000
115 120.250000
116 123.000000
117 125.500000
118 128.375000
119 130.875000
120 133.750000
121 136.750000
122 139.375000
123 142.375000
124 146.375000
125 148.125000
126 151.625000
127 154.750000
2 19.375000
3 19.375000
4 20.375000
5 20.375000
6 21.375000
7 21.375000
8 21.375000
9 22.375000
10 22.375000
11 22.375000
12 21.375000
13 22.375000
15 22.375000
16 22.375000
100 91.375000
100 81.750000
100 86.750000
100 86.750000
100 86.750000
100 89.750000
100 87.000000
100 86.750000
100 86.750000
100 87.375000
100 117.375000
10 22.375000
10 22.375000
10 22.375000
10 22.375000
10 22.375000
10 22.375000
10 22.375000
10 22.375000
10 22.375000
100 89.500000
10 22.375000
10 22.375000
10 22.375000
60 36.500000
60 36.500000
60 35.125000
