2 94.085571
3 106.801247
4 104.076065
5 113.002563
6 97.320450
7 104.957634
8 107.158913
9 109.848640
10 115.325279
11 112.035072
12 109.968544
13 130.140030
14 122.808228
15 136.513977
16 134.319397
17 132.117249
18 146.267975
19 139.491577
20 130.319839
21 142.003815
22 144.768707
23 164.653030
24 154.680130
25 161.432800
26 171.611481
27 181.968384
28 178.200729
29 175.914368
30 199.415359
31 194.655365
32 171.560028
33 215.446655
34 213.669922
35 245.495773
36 234.548065
37 286.234436
38 259.864746
39 272.308990
40 253.103806
41 361.550659
42 338.928162
43 395.435303
44 362.245728
45 373.219910
46 403.920410
47 515.448364
48 407.361145
49 441.297668
50 443.503693
51 567.500916
52 551.909973
53 706.451782
54 546.165649
55 695.798584
56 594.790222
57 802.531067
58 820.701782
59 1005.638367
60 809.826111
61 1237.538208
62 1014.625549
63 966.215393
64 759.580200
65 1190.366333
66 1256.090576
67 1709.328369
68 1317.981445
69 1558.467041
70 1336.756714
71 2133.639648
72 1327.197876
73 2381.040283
74 2018.459595
75 1722.244751
76 1915.177490
77 2150.770508
78 2216.075439
79 3238.249512
80 1855.752319
81 2171.083496
82 3355.473877
83 3989.965820
84 2576.974121
85 3245.293457
86 3756.422119
87 3654.764648
88 3316.434326
89 5344.089844
90 3354.138184
91 3954.752930
92 3964.982910
93 4636.293945
94 5384.216309
95 4762.673828
96 3735.784180
97 7646.761230
98 3936.719727
99 5346.691406
100 4105.598145
101 9035.706055
102 6002.028320
103 9539.901367
104 5992.750488
105 6392.630371
106 7623.334961
107 11605.361328
108 5646.869629
109 12489.019531
110 7845.166016
111 9827.221680
112 6174.074219
113 14769.215820
114 9147.106445
115 9921.938477
116 9345.351562
117 10020.675781
118 11654.611328
119 10918.686523
120 9811.989258
121 12933.001953
122 15170.688477
123 16454.578125
124 12286.483398
125 10135.150391
126 11557.344727
127 24209.734375
2 102.793343
3 102.318909
4 101.386368
5 107.828766
6 95.228577
7 96.822754
8 95.589539
9 99.759811
10 103.301117
11 117.937248
12 113.735840
13 121.537918
15 136.955750
16 123.761475
100 20893.931641
100 18186.839844
100 11093.430664
100 7553.332031
100 4018.944336
100 475.316254
100 35735.531250
100 36166.472656
100 36011.292969
100 39252.199219
100 31481.292969
10 190.965408
10 194.980316
10 195.352921
10 196.764191
10 196.172638
10 188.426331
10 194.605881
10 194.488708
10 203.078369
100 71690.851562
10 303.874146
10 1014.630615
10 103.345375
60 60325.765625
60 1377.332397
60 6207.959473
