500 -4.103889e-06 -1.189291e-06
510 -4.273375e-06 -1.062060e-06
520 -4.442044e-06 -9.354189e-07
530 -4.610152e-06 -8.105517e-07
540 -4.777965e-06 -6.887117e-07
550 -4.945744e-06 -5.712200e-07
560 -5.113734e-06 -4.594585e-07
570 -5.282153e-06 -3.548676e-07
580 -5.451175e-06 -2.589372e-07
590 -5.620913e-06 -1.731960e-07
600 -5.791407e-06 -9.920768e-08
610 -5.962604e-06 -3.854893e-08
620 -6.134345e-06 7.198651e-09
630 -6.306348e-06 3.646755e-08
640 -6.478193e-06 4.772073e-08
650 -6.649312e-06 3.947480e-08
660 -6.818974e-06 1.031822e-08
670 -6.986282e-06 -4.106732e-08
680 -7.150157e-06 -1.158801e-07
690 -7.309348e-06 -2.151755e-07
700 -7.462424e-06 -3.398454e-07
710 -7.607777e-06 -4.905905e-07
720 -7.743637e-06 -6.679006e-07
730 -7.868081e-06 -8.720276e-07
740 -7.979043e-06 -1.102974e-06
750 -8.074347e-06 -1.360463e-06
760 -8.151717e-06 -1.643934e-06
770 -8.208811e-06 -1.952518e-06
780 -8.243252e-06 -2.285041e-06
790 -8.252660e-06 -2.640002e-06
800 -8.234688e-06 -3.015586e-06
810 -8.187056e-06 -3.409652e-06
820 -8.107595e-06 -3.819750e-06
830 -7.994284e-06 -4.243122e-06
840 -7.845287e-06 -4.676725e-06
850 -7.658993e-06 -5.117243e-06
860 -7.434053e-06 -5.561118e-06
870 -7.169417e-06 -6.004570e-06
880 -6.864362e-06 -6.443634e-06
890 -6.518520e-06 -6.874196e-06
900 -6.131911e-06 -7.292029e-06
910 -5.704954e-06 -7.692834e-06
920 -5.238488e-06 -8.072288e-06
930 -4.733783e-06 -8.426090e-06
940 -4.192545e-06 -8.750003e-06
950 -3.616918e-06 -9.039905e-06
960 -3.009474e-06 -9.291842e-06
970 -2.373208e-06 -9.502065e-06
980 -1.711517e-06 -9.667090e-06
990 -1.028182e-06 -9.783730e-06
1000 -3.273385e-07 -9.849148e-06
1010 3.865571e-07 -9.860892e-06
1020 1.108758e-06 -9.816930e-06
1030 1.834273e-06 -9.715688e-06
1040 2.557909e-06 -9.556074e-06
1050 3.274321e-06 -9.337504e-06
1060 3.978059e-06 -9.059919e-06
1070 4.663623e-06 -8.723800e-06
1080 5.325518e-06 -8.330177e-06
1090 5.958310e-06 -7.880629e-06
1100 6.556676e-06 -7.377276e-06
1110 7.115470e-06 -6.822783e-06
1120 7.629767e-06 -6.220331e-06
1130 8.094926e-06 -5.573599e-06
1140 8.506633e-06 -4.886746e-06
1150 8.860958e-06 -4.164365e-06
1160 9.154390e-06 -3.411461e-06
1170 9.383890e-06 -2.633401e-06
1180 9.546919e-06 -1.835865e-06
1190 9.641479e-06 -1.024804e-06
1200 9.666134e-06 -2.063853e-07
1210 9.620037e-06 6.130686e-07
1220 9.502944e-06 1.427133e-06
1230 9.315225e-06 2.229343e-06
1240 9.057869e-06 3.013253e-06
1250 8.732490e-06 3.772501e-06
1260 8.341302e-06 4.500866e-06
1270 7.887125e-06 5.192333e-06
1280 7.373352e-06 5.841146e-06
1290 6.803927e-06 6.441872e-06
1300 6.183312e-06 6.989450e-06
1310 5.516458e-06 7.479244e-06
1320 4.808752e-06 7.907091e-06
1330 4.065980e-06 8.269340e-06
1340 3.294266e-06 8.562898e-06
1350 2.500028e-06 8.785256e-06
1360 1.689910e-06 8.934521e-06
1370 8.707348e-07 9.009433e-06
1380 4.942649e-08 9.009387e-06
1390 -7.670428e-07 8.934441e-06
1400 -1.571723e-06 8.785315e-06
1410 -2.357747e-06 8.563389e-06
1420 -3.118399e-06 8.270698e-06
1430 -3.847176e-06 7.909912e-06
1440 -4.537847e-06 7.484312e-06
1450 -5.184519e-06 6.997766e-06
1460 -5.781683e-06 6.454692e-06
1470 -6.324275e-06 5.860019e-06
1480 -6.807721e-06 5.219142e-06
1490 -7.227981e-06 4.537874e-06
