500.0 -3.28847272671e-06 3.1272699682e-07
510.101010101 -3.36358603991e-06 4.8571784159e-07
520.202020202 -3.43623622112e-06 6.56101718927e-07
530.303030303 -3.50720204161e-06 8.22875176938e-07
540.404040404 -3.57728331033e-06 9.85011427647e-07
550.505050505 -3.64728768953e-06 1.14145929858e-06
560.606060606 -3.71801639433e-06 1.29114282666e-06
570.707070707 -3.79024888345e-06 1.43296167405e-06
580.808080808 -3.86472669259e-06 1.5657925352e-06
590.909090909 -3.94213660797e-06 1.68849168785e-06
601.01010101 -4.02309342181e-06 1.79989882096e-06
611.111111111 -4.10812255226e-06 1.89884224713e-06
621.212121212 -4.19764284646e-06 1.98414557859e-06
631.313131313 -4.29194991442e-06 2.05463591426e-06
641.414141414 -4.39120036229e-06 2.10915355074e-06
651.515151515 -4.49539730544e-06 2.14656319397e-06
661.616161616 -4.60437754393e-06 2.16576661064e-06
671.717171717 -4.71780077431e-06 2.16571662053e-06
681.818181818 -4.83514119349e-06 2.14543229247e-06
691.919191919 -4.95568182159e-06 2.10401516944e-06
702.02020202 -5.07851183262e-06 2.04066631163e-06
712.121212121 -5.20252713472e-06 1.95470391232e-06
722.222222222 -5.32643438683e-06 1.84558120922e-06
732.323232323 -5.44875857697e-06 1.7129043854e-06
742.424242424 -5.56785422018e-06 1.5564501294e-06
752.525252525 -5.68192016309e-06 1.37618250423e-06
762.626262626 -5.78901790898e-06 1.17226876108e-06
772.727272727 -5.88709330307e-06 9.45093725779e-07
782.828282828 -5.97400134542e-06 6.95272386026e-07
792.929292929 -6.04753382944e-06 4.236603154e-07
803.03030303 -6.10544943935e-06 1.31361586404e-07
813.131313131 -6.14550588237e-06 -1.80266149511e-07
823.232323232 -6.16549358142e-06 -5.09609702746e-07
833.333333333 -6.16327041405e-06 -8.54801751917e-07
843.434343434 -6.13679695325e-06 -1.21372580959e-06
853.535353535 -6.08417164673e-06 -1.58402488329e-06
863.636363636 -6.00366536373e-06 -1.96311390432e-06
873.737373737 -5.89375474171e-06 -2.34819592941e-06
883.838383838 -5.75315377976e-06 -2.73628205068e-06
893.939393939 -5.58084314973e-06 -3.12421487953e-06
904.04040404 -5.37609673014e-06 -3.50869540141e-06
914.141414141 -5.13850490934e-06 -3.88631293353e-06
924.242424242 -4.86799425383e-06 -4.25357785663e-06
934.343434343 -4.56484319184e-06 -4.60695673827e-06
944.444444444 -4.22969342195e-06 -4.94290941728e-06
954.545454545 -3.8635568189e-06 -5.25792758024e-06
964.646464646 -3.46781767368e-06 -5.54857433002e-06
974.747474747 -3.04423017105e-06 -5.8115242245e-06
984.848484848 -2.59491107358e-06 -6.0436032504e-06
994.949494949 -2.12232764681e-06 -6.24182819285e-06
1005.05050505 -1.62928092377e-06 -6.40344486512e-06
1015.15151515 -1.11888446873e-06 -6.52596467518e-06
1025.25252525 -5.94538858258e-07 -6.60719902479e-06
1035.35353535 -5.99021526858e-08 -6.64529106357e-06
1045.45454545 4.81143318224e-07 -6.63874435298e-06
1055.55555556 1.02452748541e-06 -6.58644803345e-06
1065.65656566 1.56603197528e-06 -6.48769813114e-06
1075.75757576 2.10133200206e-06 -6.34221468862e-06
1085.85858586 2.62604024039e-06 -6.15015445443e-06
1095.95959596 3.13575217644e-06 -5.91211892104e-06
1106.06060606 3.62609241736e-06 -5.62915755648e-06
1116.16161616 4.09276142673e-06 -5.30276613298e-06
1126.26262626 4.53158214737e-06 -4.93488011418e-06
1136.36363636 4.93854597323e-06 -4.52786312141e-06
1146.46464646 5.30985753813e-06 -4.08449055742e-06
1156.56565657 5.64197780144e-06 -3.60792852315e-06
1166.66666667 5.93166492885e-06 -3.10170821825e-06
1176.76767677 6.17601249004e-06 -2.56969606882e-06
1186.86868687 6.372484524e-06 -2.01605987595e-06
1196.96969697 6.5189470569e-06 -1.44523132498e-06
1207.07070707 6.61369569547e-06 -8.61865238125e-07
1217.17171717 6.65547896214e-06 -2.70795991006e-07
1227.27272727 6.64351708394e-06 3.2300845259e-07
1237.37373737 6.57751599696e-06 9.14494405293e-07
1247.47474747 6.45767638021e-06 1.49857171463e-06
1257.57575758 6.28469758673e-06 2.07016389258e-06
1267.67676768 6.05977639546e-06 2.62425858194e-06
1277.77777778 5.78460056382e-06 3.15595781934e-06
1287.87878788 5.46133721739e-06 3.66052755531e-06
1297.97979798 5.09261616971e-06 4.13344589771e-06
1308.08080808 4.68150832013e-06 4.57044955697e-06
1318.18181818 4.23149933153e-06 4.96757798926e-06
1328.28282828 3.74645884129e-06 5.32121475697e-06
1338.38383838 3.23060550768e-06 5.62812565423e-06
1348.48484848 2.68846823937e-06 5.88549317846e-06
1358.58585859 2.12484399795e-06 6.09094696718e-06
1368.68686869 1.5447526006e-06 6.24258986095e-06
1378.78787879 9.53388983648e-07 6.33901929929e-06
1388.88888889 3.56073415857e-07 6.37934380532e-06
1398.98989899 -2.41799826863e-07 6.3631943663e-06
1409.09090909 -8.34814795772e-07 6.29073057122e-06
1419.19191919 -1.41758667139e-06 6.16264142145e-06
1429.29292929 -1.98481448584e-06 5.98014078696e-06
1439.39393939 -2.53133321768e-06 5.74495753691e-06
1449.49494949 -3.05216471689e-06 5.45932042965e-06
1459.5959596 -3.542566929e-06 5.12593790275e-06
1469.6969697 -3.99808090436e-06 4.74797295717e-06
1479.7979798 -4.41457510077e-06 4.32901338208e-06
1489.8989899 -4.78828651544e-06 3.87303761567e-06
1500.0 -5.11585821473e-06 3.38437658377e-06
