500 -5.254045e-06 3.294206e-06
510 -5.269367e-06 3.500995e-06
520 -5.288250e-06 3.699420e-06
530 -5.311823e-06 3.888827e-06
540 -5.341180e-06 4.068523e-06
550 -5.377367e-06 4.237762e-06
560 -5.421371e-06 4.395747e-06
570 -5.474102e-06 4.541624e-06
580 -5.536377e-06 4.674476e-06
590 -5.608913e-06 4.793328e-06
600 -5.692301e-06 4.897146e-06
610 -5.787000e-06 4.984841e-06
620 -5.893310e-06 5.055276e-06
630 -6.011368e-06 5.107271e-06
640 -6.141128e-06 5.139621e-06
650 -6.282346e-06 5.151104e-06
660 -6.434577e-06 5.140495e-06
670 -6.597154e-06 5.106586e-06
680 -6.769191e-06 5.048208e-06
690 -6.949573e-06 4.964244e-06
700 -7.136958e-06 4.853655e-06
710 -7.329776e-06 4.715509e-06
720 -7.526237e-06 4.548994e-06
730 -7.724339e-06 4.353448e-06
740 -7.921881e-06 4.128382e-06
750 -8.116477e-06 3.873503e-06
760 -8.305581e-06 3.588733e-06
770 -8.486506e-06 3.274232e-06
780 -8.656451e-06 2.930417e-06
790 -8.812536e-06 2.557975e-06
800 -8.951825e-06 2.157881e-06
810 -9.071372e-06 1.731398e-06
820 -9.168248e-06 1.280097e-06
830 -9.239583e-06 8.058481e-07
840 -9.282604e-06 3.108246e-07
850 -9.294671e-06 -2.025030e-07
860 -9.273322e-06 -7.313776e-07
870 -9.216303e-06 -1.272768e-06
880 -9.121606e-06 -1.823391e-06
890 -8.987508e-06 -2.379726e-06
900 -8.812594e-06 -2.938048e-06
910 -8.595792e-06 -3.494454e-06
920 -8.336397e-06 -4.044899e-06
930 -8.034086e-06 -4.585225e-06
940 -7.688950e-06 -5.111206e-06
950 -7.301487e-06 -5.618588e-06
960 -6.872631e-06 -6.103127e-06
970 -6.403736e-06 -6.560637e-06
980 -5.896590e-06 -6.987029e-06
990 -5.353401e-06 -7.378361e-06
1000 -4.776789e-06 -7.730875e-06
1010 -4.169761e-06 -8.041047e-06
1020 -3.535711e-06 -8.305617e-06
1030 -2.878371e-06 -8.521642e-06
1040 -2.201796e-06 -8.686521e-06
1050 -1.510328e-06 -8.798035e-06
1060 -8.085580e-07 -8.854371e-06
1070 -1.012844e-07 -8.854159e-06
1080 6.065289e-07 -8.796482e-06
1090 1.309797e-06 -8.680900e-06
1100 2.003361e-06 -8.507471e-06
1110 2.682041e-06 -8.276739e-06
1120 3.340680e-06 -7.989761e-06
1130 3.974201e-06 -7.648088e-06
1140 4.577651e-06 -7.253768e-06
1150 5.146251e-06 -6.809330e-06
1160 5.675450e-06 -6.317768e-06
1170 6.160967e-06 -5.782520e-06
1180 6.598831e-06 -5.207443e-06
1190 6.985433e-06 -4.596779e-06
1200 7.317558e-06 -3.955122e-06
1210 7.592420e-06 -3.287379e-06
1220 7.807695e-06 -2.598729e-06
1230 7.961544e-06 -1.894573e-06
1240 8.052644e-06 -1.180493e-06
1250 8.080195e-06 -4.621961e-07
1260 8.043937e-06 2.545324e-07
1270 7.944160e-06 9.638873e-07
1280 7.781701e-06 1.660093e-06
1290 7.557941e-06 2.337460e-06
1300 7.274799e-06 2.990433e-06
1310 6.934717e-06 3.613651e-06
1320 6.540642e-06 4.201989e-06
1330 6.095993e-06 4.750615e-06
1340 5.604645e-06 5.255030e-06
1350 5.070888e-06 5.711114e-06
1360 4.499390e-06 6.115164e-06
1370 3.895155e-06 6.463933e-06
1380 3.263481e-06 6.754656e-06
1390 2.609911e-06 6.985083e-06
1400 1.940178e-06 7.153499e-06
1410 1.260159e-06 7.258738e-06
1420 5.758176e-07 7.300199e-06
1430 -1.068511e-07 7.277853e-06
1440 -7.818746e-07 7.192239e-06
1450 -1.443360e-06 7.044466e-06
1460 -2.085546e-06 6.836197e-06
1470 -2.702861e-06 6.569639e-06
1480 -3.289970e-06 6.247518e-06
1490 -3.841828e-06 5.873062e-06
