500 -5.109856e-06 2.793046e-06
510 -5.140270e-06 3.002252e-06
520 -5.173128e-06 3.204737e-06
530 -5.209471e-06 3.399803e-06
540 -5.250324e-06 3.586699e-06
550 -5.296677e-06 3.764631e-06
560 -5.349480e-06 3.932744e-06
570 -5.409619e-06 4.090130e-06
580 -5.477914e-06 4.235818e-06
590 -5.555095e-06 4.368777e-06
600 -5.641788e-06 4.487917e-06
610 -5.738505e-06 4.592096e-06
620 -5.845616e-06 4.680119e-06
630 -5.963348e-06 4.750756e-06
640 -6.091756e-06 4.802741e-06
650 -6.230722e-06 4.834795e-06
660 -6.379930e-06 4.845632e-06
670 -6.538865e-06 4.833981e-06
680 -6.706797e-06 4.798603e-06
690 -6.882780e-06 4.738312e-06
700 -7.065647e-06 4.651991e-06
710 -7.254004e-06 4.538620e-06
720 -7.446244e-06 4.397300e-06
730 -7.640545e-06 4.227267e-06
740 -7.834878e-06 4.027928e-06
750 -8.027030e-06 3.798874e-06
760 -8.214613e-06 3.539905e-06
770 -8.395091e-06 3.251051e-06
780 -8.565798e-06 2.932591e-06
790 -8.723968e-06 2.585069e-06
800 -8.866770e-06 2.209303e-06
810 -8.991334e-06 1.806407e-06
820 -9.094786e-06 1.377789e-06
830 -9.174291e-06 9.251576e-07
840 -9.227083e-06 4.505256e-07
850 -9.250510e-06 -4.379706e-08
860 -9.242064e-06 -5.552080e-07
870 -9.199426e-06 -1.080831e-06
880 -9.120501e-06 -1.617521e-06
890 -9.003448e-06 -2.161892e-06
900 -8.846720e-06 -2.710342e-06
910 -8.649089e-06 -3.259074e-06
920 -8.409674e-06 -3.804129e-06
930 -8.127963e-06 -4.341428e-06
940 -7.803840e-06 -4.866796e-06
950 -7.437593e-06 -5.376011e-06
960 -7.029924e-06 -5.864841e-06
970 -6.581963e-06 -6.329087e-06
980 -6.095263e-06 -6.764625e-06
990 -5.571798e-06 -7.167454e-06
1000 -5.013955e-06 -7.533734e-06
1010 -4.424525e-06 -7.859833e-06
1020 -3.806677e-06 -8.142369e-06
1030 -3.163942e-06 -8.378242e-06
1040 -2.500186e-06 -8.564684e-06
1050 -1.819575e-06 -8.699285e-06
1060 -1.126542e-06 -8.780028e-06
1070 -4.257508e-07 -8.805318e-06
1080 2.779475e-07 -8.774004e-06
1090 9.795585e-07 -8.685402e-06
1100 1.673989e-06 -8.539309e-06
1110 2.356097e-06 -8.336016e-06
1120 3.020741e-06 -8.076310e-06
1130 3.662828e-06 -7.761481e-06
1140 4.277365e-06 -7.393314e-06
1150 4.859507e-06 -6.974079e-06
1160 5.404610e-06 -6.506523e-06
1170 5.908271e-06 -5.993846e-06
1180 6.366381e-06 -5.439675e-06
1190 6.775165e-06 -4.848041e-06
1200 7.131220e-06 -4.223348e-06
1210 7.431557e-06 -3.570325e-06
1220 7.673628e-06 -2.894001e-06
1230 7.855358e-06 -2.199648e-06
1240 7.975174e-06 -1.492742e-06
1250 8.032018e-06 -7.789124e-07
1260 8.025360e-06 -6.388996e-08
1270 7.955221e-06 6.465443e-07
1280 7.822166e-06 1.346613e-06
1290 7.627301e-06 2.030595e-06
1300 7.372280e-06 2.692881e-06
1310 7.059285e-06 3.328023e-06
1320 6.691006e-06 3.930788e-06
1330 6.270628e-06 4.496208e-06
1340 5.801797e-06 5.019627e-06
1350 5.288597e-06 5.496743e-06
1360 4.735505e-06 5.923654e-06
1370 4.147357e-06 6.296892e-06
1380 3.529306e-06 6.613460e-06
1390 2.886769e-06 6.870860e-06
1400 2.225387e-06 7.067114e-06
1410 1.550964e-06 7.200792e-06
1420 8.694226e-07 7.271020e-06
1430 1.867406e-07 7.277491e-06
1440 -4.910966e-07 7.220468e-06
1450 -1.158157e-06 7.100786e-06
1460 -1.808614e-06 6.919841e-06
1470 -2.436801e-06 6.679580e-06
1480 -3.037266e-06 6.382480e-06
1490 -3.604821e-06 6.031530e-06
